image: _mpc_rosbot_27thJune.pgm
resolution: 0.050000
origin: [-18.862031, -16.939170, 0.000000]
negate: 0
occupied_thresh: 0.65
free_thresh: 0.196

