image: _mpc_rosbot_27thJune.pgm
resolution: 0.050000
origin: [-18.719399, -18.099570, 0.000000]
negate: 0
occupied_thresh: 0.65
free_thresh: 0.196

