image: _mpc_rosbot_27thJune.pgm
resolution: 0.050000
origin: [-18.904320, -20.066129, 0.000000]
negate: 0
occupied_thresh: 0.65
free_thresh: 0.196

